586	24
775	31
605	64
344	37
674	130
861	2
641	50
177	1477
731	9
818	40
195	70
164	289
890	51
649	93
115	9654
519	435
749	30449
846	2
802	750
693	6
622	3
639	279955
176	127
730	1019
860	2
640	3828
604	23
648	10
114	12383
811	42
464	299
868	8
845	3
513	4
665	494
733	13
261	161
742	167
809	3530
117	17836
715	13
153	1750
827	4
975	1
180	222
197	1309
166	203
691	15
916	41427
633	167
664	6
563	149
347	1074
101	437841
844	28
750	28227
268	3582
880	149
199	1175
836	2
696	207
168	3157
186	2
663	46
744	1645
155	1520
191	976
119	3
652	216
793	41032
645	129
843	4
858	331
461	5323
595	59
887	39
447	250
814	1
198	54022
275	20
781	489
792	9023
468	11
594	93
864	15
529	44
918	729
107	50
697	14
110	786
756	17
770	177
477	335
815	1
187	175
143	4
625	830
694	2
711	196
672	141
157	8504
179	3832
184	2
193	801
647	269
764	560
885	1
104	220
522	1
509	587
866	10
596	681
646	3
523	2
475	2821
462	13796
178	2
185	313
754	79
772	379
112	703
695	365
822	9
105	11658
277	1433
817	42